7330
8628
6147
2223
5752
2938
5098
379
5638
5027
884
2869
7922
6768
3159
4295
9549
523
9341
1589
3707
4209
1140
8791
8993
1869
900
7842
2316
9288
2268
9697
6449
4964
7089
5183
524
5337
7491
3674
7099
2274
3033
2725
2372
6897
5454
770
1925
7221
9091
6739
2606
4413
8756
6747
4505
2017
8912
8018
490
37
7022
1191
4493
8924
5137
1090
8077
1387
5462
6267
3264
8120
9682
4247
8521
8981
3198
3190
6769
6150
6807
9046
2940
7320
1148
8506
2334
2879
5938
9828
2407
4193
3497
5298
5387
2020
8597
5980
6401
5405
3287
5681
590
3939
6676
8501
2836
3717
6244
7781
8281
4847
9413
5626
1520
4002
9793
6636
2198
7478
583
5497
9612
5148
7063
5754
9368
2690
2400
9775
8755
6862
2398
3516
4974
1995
2531
2049
2503
8885
851
1208
6010
4504
573
2816
3558
9858
202
3545
4536
2777
7985
6085
9491
1259
9839
709
6478
6181
5992
4423
7586
9012
6441
4660
3493
5110
9145
6211
6755
1905
9448
416
7959
8939
2396
9960
6846
4256
194
9555
4744
7521
6648
889
6269
6209
4427
5010
6837
3880
3629
5611
4316
6039
5807
7758
9122
8057
3302
6117
8449
6986
8093
321
4925
2192
6750
6498
298
7783
4467
8928
1126
9328
3003
3934
9883
9945
3192
3376
1851
7442
1023
6728
2241
527
1783
4060
5544
8505
5702
5708
2236
654
6247
6654
8359
7891
9859
6252
2552
7441
5345
9534
5205
9681
6
6001
8836
3454
1907
6476
5668
4238
1960
5924
9905
2626
7987
1747
6759
8354
6041
7337
2494
2612
4068
7624
1043
4738
7181
3735
633
1177
3346
6767
8420
4029
2796
4455
8917
2156
5433
8433
2835
6308
3478
6552
4487
5526
3114
3945
9663
2332
6974
9457
9964
287
6270
8664
3459
9247
688
5739
6554
9105
5952
6800
137
453
3803
4188
5994
6330
893
5828
3421
4614
7477
8377
608
4908
3131
2041
4636
8400
6780
289
8108
3871
1986
9712
7903
2709
1106
4689
2675
5114
7779
4117
7570
2506
5684
9900
1480
7651
7677
2429
2488
4471
3807
6863
9483
6352
2056
1206
7644
6013
401
641
9630
7916
1655
2619
8371
168
5790
587
127
8480
5049
4927
5018
273
4044
4221
1617
4399
839
2594
3673
2711
8797
6025
6596
9842
9930
1059
7270
5475
9216
6815
4177
8915
3670
1144
2000
3247
2007
5846
1656
4050
7892
4257
7059
4954
9270
6561
3760
1638
5328
3851
2971
5231
7172
8398
6081
5159
7513
8710
5761
8363
4733
789
3958
5516
383
8896
7882
4591
4681
7340
5307
3902
6182
8152
9485
4815
9157
4638
5899
4140
433
8900
9125
9874
7135
4710
6165
7880
3285
2883
7524
5127
2110
2498
7826
8499
9557
9963
2238
5179
27
5996
5107
4023
9870
5818
296
1057
8656
3312
2329
2885
5287
3709
1528
9196
9758
2559
4820
7901
1662
5588
4956
8880
7074
8874
1920
4529
619
7481
7182
611
966
6335
8021
5864
5624
2108
9903
159
4266
8902
3272
19
3112
4326
9954
2086
2789
4170
7983
2150
7585
178
2129
1461
875
1486
2633
6309
987
1982
6570
4716
1269
954
5106
8457
1048
1024
7747
5852
297
7820
1173
7807
1162
7461
7177
8737
3531
2354
3322
2206
9904
6162
1120
5134
4795
7670
2428
3524
6329
8041
1566
5108
6379
9920
211
6639
4267
9351
3813
3619
9358
7087
5884
5710
494
3455
6547
221
4077
8006
9327
3685
9837
1862
4139
6632
7658
4063
746
3067
5898
8996
5070
7004
9627
9707
6099
140
3507
185
4003
4489
4714
678
713
6412
6280
4826
1472
8746
2174
6389
4233
2541
3562
1366
2392
3627
3614
4112
2553
9014
8618
8947
2927
4054
7360
7604
8892
9827
8684
5215
9609
8982
6887
7557
4861
6430
2125
4045
1770
4321
6688
8730
7558
6672
4364
7098
7687
2320
9152
6458
1007
5313
1263
2242
3371
6786
768
7798
2956
8483
5352
6275
8530
148
6333
7175
2170
2580
7282
1421
7574
4030
6589
9771
3336
3210
560
3582
6323
2300
8134
5643
1030
7178
2005
7606
1308
803
206
6925
3321
779
777
3920
3791
3181
8803
343
503
3953
2301
3608
9066
305
754
6635
6396
1278
5302
9742
304
844
2920
4807
481
5082
6279
8752
2968
2522
1797
9841
2550
8940
4527
1921
5109
9435
6418
6337
9767
6257
9199
7951
1329
8085
8168
1599
7590
3406
9021
263
2807
7317
229
7005
3149
6642
1019
5030
2312
7127
4497
3546
3768
3129
3442
4076
6574
4184
5777
6848
6586
4335
5161
5713
3948
3646
8624
3045
2066
1339
2601
3017
6709
791
9251
6015
2923
8040
4468
5480
3022
734
9097
1888
2431
996
3923
6474
7814
7993
6898
1055
4935
7596
2285
7984
6779
6378
5541
2452
5827
8522
6423
8289
8194
4365
3980
6256
4941
9291
6255
5091
8963
8243
7740
1954
5450
8151
6422
8307
4310
9019
5718
1684
3733
5169
7778
6106
6382
6999
1824
3801
5693
7384
6395
9661
9308
1849
2394
7327
451
9470
1484
405
545
1674
3148
5261
5228
1398
8564
914
7485
1368
7246
606
917
6826
2642
1596
424
2996
5957
1803
5323
2809
778
952
8883
6317
9562
220
9078
559
2739
82
6685
7171
5266
2929
5379
7404
4651
8644
4484
2852
3995
4631
525
9814
9851
4032
8474
1983
7106
2907
8839
2138
6502
2080
6542
4548
2964
4938
1436
829
7265
7298
9513
5332
3832
85
4123
8088
7534
2707
5386
3128
6575
2405
976
9070
9505
6809
991
7152
6120
6637
7163
371
3653
653
2914
5356
2684
308
4828
6606
2370
8403
3691
3597
6196
5760
9948
2613
7977
6160
2072
1541
8318
5263
6795
9717
9805
4424
8162
5251
6228
200
8141
7113
5961
4661
4148
1075
3550
3510
5004
5524
8251
594
586
6879
9130
2960
1471
5068
7211
9217
1575
9750
3655
3868
2687
9672
5561
9781
4679
2145
7476
1653
8583
7209
7382
3241
4226
631
2207
4047
1016
9822
1310
4115
8064
8872
4071
9365
2382
9865
3705
5391
8113
4345
7288
5905
8310
4450
8165
9133
4792
5608
7956
6487
6912
2084
3052
7726
7827
6336
5943
4769
1999
8279
4290
8276
4347
9263
6492
1431
4880
2322
9337
4919
2874
9282
9028
5505
6007
9242
8964
2340
1494
8115
3863
2545
2031
8199
1800
4001
8588
8338
311
64
1408
8466
2027
9989
375
7339
5136
7818
7308
4064
9120
2941
6631
6388
5252
2942
3305
8067
1313
9324
9928
6226
2654
6609
7444
9604
1917
171
2978
126
6444
7133
6501
4759
4810
8305
9602
3263
834
716
4524
3665
7676
7187
8512
1070
7801
2484
2384
6970
1989
7117
9765
7998
1233
4396
7249
6490
5016
365
7119
2590
8127
5528
2959
3553
7266
9720
3560
7860
1774
8909
9902
2059
354
2167
9237
4362
9603
3394
1152
1166
4120
2639
9701
1512
156
144
5809
2819
301
3500
9567
7049
6014
2397
5489
3462
9914
6168
6503
2160
6718
9177
1953
5932
8378
5614
1650
7239
2976
7295
2845
6979
4219
7673
6277
7354
4560
815
9162
9272
8294
1932
3355
319
8778
5115
5470
9182
2113
1143
4114
956
1791
5306
4459
7812
6515
9703
3123
6480
890
3203
3848
7357
9834
785
7645
637
2115
1241
9831
1020
6765
6093
6958
6397
278
730
3964
1690
6778
6995
6565
7602
6839
4983
9068
1453
5281
7696
7103
2421
3039
5071
781
259
7709
413
1454
324
3729
2267
9889
7050
4841
5834
5971
3440
3916
1393
6748
8450
8594
2211
8937
5058
740
2771
4
6605
4585
8302
1867
9168
4565
8016
8232
6645
6125
7923
9698
6715
9980
6998
2517
9144
7184
3479
2669
882
5882
6669
5439
3732
4250
1686
3481
6283
4848
5703
8961
4869
8643
2765
6854
5576
7813
4391
431
5579
14
2554
8086
7033
7679
8489
6881
7824
8688
3111
6711
2832
2447
385
8965
2254
6349
9751
1965
6293
8946
9574
258
3727
1122
2925
2099
1078
3048
6717
9211
4975
741
4363
9776
722
9056
3090
2899
4806
5515
7104
5880
3661
1430
1412
3950
2217
2177
3227
3480
5933
3213
3622
5425
4403
8448
3214
5789
2779
3847
3054
1753
9838
5312
7745
3603
280
2757
9426
7511
5609
6408
306
9295
9671
8660
3115
9658
9307
8368
484
3391
9044
6227
3383
6891
9475
6813
389
5155
4239
8404
3635
536
3475
1567
6468
7121
1992
5376
1873
3377
5290
9299
5650
567
601
6651
6959
7554
592
1025
2053
1283
3697
3979
802
9517
5814
5149
921
8059
8091
6018
8603
6666
3894
5993
3298
790
9432
3675
5750
6751
4092
5303
7372
874
1559
7408
3456
2603
7605
449
1187
3539
4989
3133
6924
7493
998
8022
5794
9836
4542
4150
2047
261
926
3903
8431
9355
4812
4348
6200
4496
4040
7751
9926
2387
5100
7589
9696
6416
320
6551
2598
2597
6580
6816
90
5381
8865
1896
2155
7035
4470
3505
2224
9062
1902
2248
5989
2763
6582
4702
9823
2309
2009
7561
9553
4555
6771
4756
8750
4197
1875
2247
9848
5193
235
5844
3514
1761
5685
2538
6156
2746
2658
1434
9961
8683
3390
6366
8375
2471
1433
2525
2269
8061
1598
7090
6597
7584
8827
1185
2834
3023
9826
8011
9419
8680
6832
3327
7963
5987
5040
8176
6855
2627
5499
378
9399
4514
5736
3291
1435
3626
9654
8254
6793
8326
7594
3041
710
3066
441
2736
3974
4842
7019
5276
2651
4963
3774
7427
2926
1280
6314
1382
4528
3348
1513
5241
1647
101
3165
3389
4509
8636
887
6541
3773
4559
5382
7274
6192
6692
5240
4208
1833
7737
7656
4760
3777
9273
9833
9996
4428
489
1165
8390
1510
4731
8332
2916
6931
7593
8913
4352
21
929
3145
4398
9559
1886
5329
7595
6633
7016
7855
8296
3274
9951
6167
2342
8788
6833
1742
1272
1633
1854
2795
5308
3648
3360
8156
2296
9738
4506
2127
1901
7503
5377
4346
3663
9280
2302
1406
2463
7292
7627
9319
23
6770
1997
9613
6810
6504
6101
6321
3589
8353
6781
8808
9647
7849
190
6727
1934
3011
8329
4490
883
2435
1110
1529
6983
3809
1937
2813
5422
9757
8629
4244
1726
4048
9372
5669
3102
3906
5690
5901
5747
7457
1668
8552
7380
5084
659
1764
5102
3457
5463
1705
4385
5202
7886
9551
4936
9371
5453
9349
6350
3465
3577
9593
5620
8147
5165
392
4475
2931
1181
3354
3878
3356
4053
1947
496
7473
5171
7909
8438
7229
9691
8465
7460
7711
5596
666
5038
1733
4234
7547
5545
3107
430
1739
7202
6497
4723
8694
5645
8884
638
4254
7836
5976
8893
1727
1198
9651
943
8350
1918
2364
1853
833
9629
4728
9143
204
3396
6183
7294
9127
3283
2426
2863
1884
8245
8673
5581
7475
4224
9345
2420
8163
3337
1855
5023
472
6559
9425
2955
1900
9639
5949
3130
3051
5891
7638
3783
6888
9009
3021
504
1104
8260
2857
4630
4582
6040
2109
5420
6817
4563
7607
3800
5322
8028
5192
5570
3339
5896
7243
3730
7433
7259
8019
5985
6331
2050
9408
1171
6935
2148
6128
5122
3422
3489
4653
978
6697
9461
8280
9936
5962
4449
2039
3294
1782
5050
6135
5125
6892
7874
1913
7100
9840
5601
2833
3477
412
9410
3031
1139
7579
9950
3453
4929
4264
7785
2775
9239
260
2266
4252
5623
6785
9880
5914
8770
5399
3599
6686
7208
7931
6245
2539
7280
9890
6757
3827
6956
4782
667
2106
865
7986
7112
6808
9253
7436
9151
2404
5362
4706
8339
8862
4338
2991
8169
8463
8749
2629
9552
7556
2861
5476
9498
1475
6409
7283
7145
95
1689
7587
5401
7906
6520
364
4583
9993
1546
1531
3625
4784
7782
9172
5272
1247
7222
3535
118
1745
8990
3973
1730
1250
7212
6123
5978
5529
8934
486
4397
188
5048
3928
3607
6576
3795
6084
6184
7373
5226
3857
8875
7881
6434
6932
3053
8508
9352
9979
5086
4317
6145
2219
6677
9886
1132
4057
1903
6139
8952
346
1266
1046
662
56
727
1539
2460
4312
3195
1276
5214
985
6425
7831
3876
9972
3892
7889
1041
8707
3792
9129
4612
9641
4887
9289
9676
1608
8775
9260
1359
8635
6790
7978
9820
5482
4025
2825
6024
5960
7497
4523
4777
5324
230
5174
5667
1643
1231
7517
8143
3400
2006
6985
3258
1426
4157
2121
7244
8110
5551
3722
2975
4625
9523
5743
9346
9777
6941
4360
1627
2446
6442
7961
10000
8607
7417
7908
8828
8581
9200
3365
9338
4670
215
2045
7302
1823
1970
8328
864
7048
4978
686
872
28
3615
5017
1857
1491
1205
8889
7291
6556
1699
2724
9778
2988
9449
395
1804
456
1957
7924
6466
4870
7913
6440
3520
820
1543
6944
9937
4154
2451
2868
6829
6744
2487
5175
2399
1133
8833
647
6179
1990
9790
5359
5479
8490
6595
5979
4163
1501
733
7617
6627
3182
6679
1847
3837
8112
3668
5305
5717
3363
9541
6002
5491
4952
6399
477
2033
1292
2190
2330
7899
9967
2393
9939
7567
6235
878
179
7110
4580
1778
6300
8718
5724
7150
7484
8690
3095
4988
8760
5651
1470
4339
4311
7876
1466
476
5824
6914
1768
3147
8185
8406
9225
4854
9657
6348
8451
8855
8382
47
6100
6900
7158
8187
7455
15
6107
9985
4821
8324
2090
3724
5931
3748
4734
9759
4000
4969
9010
1671
1004
4294
7725
774
1806
4996
8220
3221
4685
8066
1894
1527
7917
6217
6885
2024
4798
239
5580
146
7023
2792
7612
4101
3517
6110
4891
5355
1899
558
5554
3189
31
4479
143
4863
3375
6276
4401
5770
163
5586
3890
2747
4633
5793
9774
575
8275
7699
2128
4113
6061
3987
4182
8352
5173
5180
4011
9563
40
1372
562
3904
4967
352
1639
7092
6017
1574
9787
3870
9065
3856
1265
9537
1449
4087
6023
5755
3770
2743
1341
3907
2727
5403
5725
3345
5188
7120
3463
1400
4920
6421
3488
9640
7741
1448
2860
8026
1710
102
9860
6895
6400
6224
5649
4621
7622
6299
8136
5203
2286
7509
9973
5881
309
7132
7279
9189
8095
7183
8867
3536
9135
2331
7097
9472
1290
8858
2944
7420
8173
8843
759
9795
2919
4873
8851
9885
816
4797
3286
9773
7247
7568
1064
5357
4624
2969
1497
7837
6475
4081
6643
6791
603
1086
9977
1154
8405
7848
1095
13
4901
8790
896
8131
7430
906
5630
7989
1728
1785
310
3633
7937
1544
6363
2278
959
4132
581
7809
8667
6325
1948
6705
6788
6509
2728
3887
4151
2319
6053
2403
1622
3242
8956
7015
6531
5005
9433
9710
5646
9564
293
2499
4279
8183
8933
5692
9269
4035
6032
3905
2882
7376
5292
589
9580
8857
445
1172
8055
2659
3058
3187
5485
8235
4965
2980
8582
8762
6111
937
1805
9586
963
2337
59
1211
8261
8000
2946
2621
5538
4407
4090
3170
341
2261
8663
915
3719
1129
7164
4879
8334
2908
8379
8529
3955
5282
5639
1637
1113
1616
3949
7204
7884
8856
4520
3606
4824
3194
5723
964
6653
1687
7144
499
2549
5056
8557
4375
2609
2648
1379
5603
721
6058
468
4282
5776
2717
3491
6557
4643
6376
8270
337
7018
6294
465
3960
627
7026
8331
9882
2118
1630
7819
2803
3077
7344
5820
9807
3833
7667
8485
2593
1525
8343
2843
9747
1530
7036
8042
8974
2497
3332
6197
1969
9740
3276
4971
3271
3226
6883
9642
7808
9314
9406
2037
5488
5594
134
8037
1065
2679
3532
6239
5432
9659
972
935
9290
256
2995
92
526
3969
3143
1583
1074
6533
5116
7928
2491
9821
6452
1363
8914
5503
2413
2175
4128
1496
8335
2321
4874
9690
2742
3518
3594
8036
8030
7803
4616
8976
9709
9088
8809
3781
4928
9038
5787
4533
5758
6456
744
8608
5562
8415
6527
5340
4293
3223
1780
5083
9080
8802
4699
6564
331
3246
2855
5238
3106
4482
8849
5367
9304
340
6522
6206
1343
2028
2524
2424
7082
7462
6828
5242
3860
1524
5206
679
6856
8348
9150
669
6287
1033
3000
8372
6526
5001
1102
8460
2951
8188
6841
2703
4153
238
6332
5549
6720
1941
6169
6387
3986
6463
8593
8904
5404
4626
5417
7470
3101
4400
9427
5347
7412
3483
7764
8712
4307
9191
4103
7973
4767
2225
3047
8817
6853
4596
8854
9061
4526
5982
1825
2520
6823
5446
6392
8419
5375
5138
6176
4764
1190
5683
6977
8877
149
3908
6758
9518
4292
3677
6249
4890
78
7020
3122
6775
1255
8073
7822
1089
9132
359
9941
9780
9725
7361
2698
1328
656
9159
7426
8920
4510
755
650
3413
1620
251
6919
9873
2485
8475
5900
5598
9277
9455
9360
3786
546
5843
4173
718
3645
4042
9992
3275
7548
2624
9142
2753
9743
6488
6202
3751
9416
8119
4902
1423
3925
150
3010
3886
271
7108
9444
4835
377
1040
9369
3034
3320
2089
620
9421
5688
910
9626
380
7646
2328
5418
8470
1504
9020
6798
6108
8044
2229
1455
2934
9688
4443
8262
6849
4422
5618
7429
3078
1557
7313
4180
6506
245
9231
9388
4388
3888
5057
1281
2430
4451
9431
2103
6704
1601
5249
17
4512
5021
9769
658
8922
3315
7044
6219
1595
5890
9366
8035
4698
1128
4494
5648
3175
8787
1032
3829
9685
8269
5833
3464
2563
8105
8167
7000
776
8223
3879
2759
4019
2637
9329
5897
327
8056
2444
7603
51
6869
2067
9531
1094
1088
3630
7277
6890
6067
3340
1781
6052
5838
2750
2216
3098
4934
3855
9532
9045
6051
5121
7958
5079
7974
9853
4871
402
8171
5152
9884
2085
5577
2159
3769
5520
8399
2611
203
9313
2822
9582
5167
3662
373
4357
4773
5664
3708
3819
4021
234
5663
3767
8658
2865
3008
3512
8903
2298
9243
7929
7731
3248
6894
5218
9533
4761
8515
8720
3911
366
1623
1909
1392
1680
7450
1858
3660
2997
1381
1251
6221
532
9402
7021
8366
514
9922
5256
626
6327
1587
344
8568
3468
5270
8574
8369
5061
3164
9894
2858
8820
2543
2183
2921
2806
5460
1868
7790
9082
4109
5543
5981
3957
1157
9508
4078
3025
7030
5187
9077
2841
1592
5076
828
9312
5542
3913
5670
8004
3310
7979
6698
9667
6320
4227
4590
7206
3411
5464
3528
4547
96
1093
1136
8182
2730
9258
7954
7752
3139
3244
8080
6911
1446
8267
9673
8175
3565
4426
8640
3492
8487
5372
3593
6784
374
5374
9610
2391
9756
7075
9500
4327
9843
5921
3720
805
9788
1082
2410
6724
6316
4632
857
9414
277
6562
5494
5857
1298
3689
6899
8391
6484
4447
6708
6528
5498
8622
2671
2273
6512
446
8124
6229
6450
145
5937
8748
4916
3570
6756
369
7094
1119
6339
2313
5492
7732
7564
48
7514
2473
8118
9060
5208
3016
6543
3656
4166
8777
5317
7253
6261
8804
4420
4138
5162
2560
8471
443
8467
7105
5967
6170
5930
5032
6674
1692
6127
3782
4933
7413
6921
5661
981
7834
5101
3388
8835
3956
4299
9925
3569
995
7466
5220
2886
2527
3559
6201
5339
3664
6680
8646
1401
7424
7927
3343
1390
4380
3605
1748
3692
1012
1274
938
3140
9911
5803
5074
5831
9343
7076
1464
2339
2035
6752
2377
4998
6699
8979
3212
4668
2351
9824
240
8102
2228
6953
614
8697
7515
4513
5279
8869
8355
1326
8561
4069
4004
4046
1232
6310
5318
3466
7174
3055
5783
8444
8020
3584
6868
3006
3295
8029
3230
9378
1673
5763
7541
6519
3702
7852
2778
3037
9002
3817
161
5331
5583
4073
2297
442
4924
1428
274
8432
317
3382
2478
5759
5020
7851
6234
3785
7661
1750
9027
7629
4915
4167
1333
4473
3351
5523
8871
7499
4742
2645
7122
8072
2423
3172
4425
4130
46
5232
9548
2501
1275
6827
1235
1765
9708
7643
142
9084
5868
5096
4695
4838
5477
9809
2568
9464
3842
2091
4628
9633
4448
4277
4746
7439
1107
426
1180
281
5411
4033
9665
8973
9096
3681
690
184
2458
6334
4174
8033
4553
8413
3602
6223
5861
30
4556
6447
8848
4611
4750
4829
4305
9898
9929
9469
9063
9863
1244
7149
2791
9730
4268
1817
4006
9817
6198
769
2250
4149
7007
4747
4913
5447
9390
5859
9113
5410
5735
8642
8685
2849
4483
8106
4864
5811
1399
9095
4649
98
849
1189
7006
9509
8079
8025
2631
533
3073
4959
8894
8224
1889
1360
749
3436
1667
3100
1545
3068
6427
657
6322
5644
291
9222
4545
2184
7498
9174
4320
9966
535
4220
6297
9946
7888
529
7378
7241
6253
2416
2139
2193
6204
1236
5922
9072
1838
8094
2202
8132
2195
644
646
6429
2571
5540
9294
9180
6243
8623
7802
9785
6681
9187
4537
6282
4688
9879
8409
4737
4819
4674
4206
3571
3171
6066
7151
225
7943
4972
3771
2443
3521
2945
4966
1703
9023
7123
3162
404
6357
1243
3910
7571
5120
3342
6594
1378
8058
4944
4771
9383
5616
4027
6436
5133
1605
7975
9887
2794
3639
9522
788
3169
6618
8468
5105
3821
7970
1874
9944
9136
2120
6996
16
4803
8075
3826
923
9409
6374
4286
2249
8732
9059
1161
6644
7759
7980
9819
9565
5904
6157
595
5511
6237
7657
784
7935
1377
9407
5796
1779
7389
2924
67
1153
5254
1708
2662
3435
4452
980
6142
4464
3763
9185
26
8897
8439
9525
3918
9650
1514
9794
1123
8494
2076
8736
9175
7205
1068
1186
4799
9571
9789
3261
5940
6305
912
463
8271
2678
8516
8344
6000
5385
4402
9468
1264
7486
4480
2876
2137
8657
3499
6588
2493
3966
3915
9201
3044
5157
6359
8785
5556
1955
5258
9103
4251
8157
8484
8702
2003
8510
1672
1640
1383
9705
9340
3314
8631
6701
1602
1752
2755
9995
3919
5591
8340
4481
5822
1353
8217
2246
8719
7715
3644
1704
2212
5659
4408
5053
9085
8527
276
6831
3991
7296
3019
5222
5927
4673
6394
9768
4507
4701
3820
773
8845
2245
407
4291
8935
4175
9760
9955
3487
2943
10
7080
3703
2573
4648
9503
7614
1036
192
2406
9714
9692
8926
1355
7739
4593
7377
8551
5456
9128
5073
1714
4499
9029
3975
999
7315
9596
4049
3220
7686
8927
1054
8360
7326
9970
428
6913
7941
9310
3429
4351
4667
6073
5388
7948
2132
9176
4789
9932
7238
6598
2126
5826
475
5532
6155
3587
9306
3738
7053
8661
852
3030
1388
9739
1091
1270
2161
6199
1234
4981
1836
3551
104
4652
3895
2214
5457
3746
7013
4100
2044
2638
4495
1659
4469
4948
3335
1996
8774
3137
9030
2455
1495
3070
6341
6608
8592
8139
4330
9333
962
7154
6530
5653
6295
7536
4319
9881
7306
7859
8691
4906
6545
2523
6954
904
9300
4152
4833
756
9798
3789
6195
706
1011
8214
901
437
9163
957
685
7915
9540
3858
7950
3299
9311
1217
1493
9141
1762
3064
1351
2600
3508
6062
9670
1262
2325
2182
516
9917
5177
1693
9749
8144
8237
3741
2095
1940
9026
7231
423
687
1679
2101
1715
2715
1563
6909
4187
3026
971
1840
4796
9412
4143
6413
3815
9342
539
6766
9947
1576
3759
3384
8410
3613
1509
2179
9317
1615
7225
2693
2272
3313
4107
9140
7065
5141
3854
9487
7423
5449
7774
7569
1212
4439
4602
9986
3380
9170
5351
5923
2947
5836
7926
4515
5709
6602
4406
1939
8166
4976
3088
7335
1394
9646
2480
73
948
814
7771
4353
4569
831
4554
6188
2542
8417
7073
3525
5196
9494
7939
9471
1226
8841
2734
5705
6347
2505
6260
9529
7632
4776
6514
8053
5986
5536
4900
3256
3193
9042
9344
2878
6407
1268
9845
4518
5706
6668
6420
8387
4775
4949
8641
568
9173
2136
6872
5560
1549
3331
5296
5955
2902
119
7428
8186
2434
7506
1802
1124
6858
9219
5212
2591
7507
367
3686
5984
3300
7129
7566
1098
1972
8337
9214
29
1005
1952
8493
5154
2903
8255
8198
5299
2896
2578
2720
4561
3649
6864
5429
9585
1342
8469
439
8297
2389
4409
1460
61
1628
1669
660
7845
4885
5334
3816
6626
7066
3788
4355
7879
4110
5512
7853
9051
1773
7947
6511
2704
1581
5517
9971
3544
750
3541
1553
6952
8847
6289
109
7716
372
9101
471
121
1083
7297
5865
2450
52
9069
4323
823
1312
3610
8397
1772
8678
1591
3912
6658
8728
391
4202
2620
3430
2472
2288
4146
2507
5714
879
5848
2666
2439
7955
4055
335
9854
9892
8819
8015
9568
6578
1289
8563
7091
1354
170
694
2336
6992
9994
3350
3961
7107
447
9566
9923
7362
9746
780
3219
4785
2114
8135
5496
7669
3617
4195
2602
2581
6178
2859
8308
9501
5402
1457
1570
4367
400
8060
2569
7333
9011
4142
2754
4867
4793
9719
1258
7130
6741
1015
1500
3682
3523
6731
738
8244
3184
3683
5553
5867
7
8315
5288
3754
4843
7904
7806
8265
7365
4752
8598
2437
4235
3502
7877
9748
4041
8160
1697
684
8868
5737
8286
8782
3326
7411
8170
7116
7738
885
8189
9482
9919
9987
6328
2516
6773
2324
3228
6838
2222
462
7997
8878
2783
9274
7128
5917
7885
758
9637
8955
1009
3982
9043
2327
6592
368
9050
5675
652
2948
493
9139
6254
5910
5928
1569
5277
9357
6393
3404
5851
2239
3157
8692
4951
4102
4762
3797
5160
5368
7546
528
4240
1481
3324
1775
8500
7728
1795
2972
9656
4639
6876
7419
7628
6859
7338
9153
1771
509
6874
6994
6047
863
7789
9504
4225
5656
2065
7156
4172
9202
2700
2674
8652
6973
9731
3834
2011
7161
5507
189
2657
6536
330
4732
7930
9668
8859
4950
7613
8606
3997
8203
5237
2776
582
4787
6696
74
5812
4940
2710
8938
1230
6917
68
5715
9855
1829
2436
1072
5641
5784
3108
469
8518
1213
848
3843
9015
6214
5640
1834
2641
8402
8486
6972
8838
9131
2356
3225
4018
8995
9005
665
7467
600
479
580
5132
4918
6857
5126
6288
3839
5773
8870
3893
5204
8074
7946
3042
8218
3506
3804
9958
2650
7200
2230
5452
7805
7188
7368
6364
3233
8367
6625
9018
3515
2489
8181
4818
1863
8389
1092
5063
8807
436
3059
4587
5956
5679
551
3700
3211
7533
6469
5190
717
9678
922
1978
35
8740
5330
7258
8668
8671
9526
6962
7223
5753
3431
5153
88
9592
2154
8599
1042
7180
2900
5373
5145
5731
9847
9575
1819
8043
6713
440
7952
9998
2898
1367
4461
6719
7660
9106
7678
6600
6661
5458
248
5430
5525
9245
8997
6700
9392
4394
9558
8259
2187
2820
9123
4882
1118
3710
2464
6186
1981
1050
782
9864
664
3232
7260
7949
9161
7688
3620
7235
2706
8179
4429
7659
152
3417
219
5019
4084
4104
3647
7519
5875
7310
6723
5041
7526
93
6647
9605
1413
8968
8686
3548
3222
249
7598
6908
7402
8154
4540
2415
629
6861
8374
8548
547
6095
5390
2660
9684
3784
2909
6356
1944
2811
8347
5363
8230
2277
167
4970
3409
9588
8826
8452
4930
1784
3941
9424
7649
4872
5248
5501
5320
542
4074
2780
3317
2555
6077
8027
7387
173
1076
1207
4089
7489
4485
183
7336
1224
2967
5394
8991
1079
4062
3425
1216
2197
5295
6063
3441
2092
3089
6074
8514
4297
5791
2188
1437
5947
4486
9664
6877
9227
9325
7055
862
8789
5998
2186
1056
7379
9481
793
6045
9188
3418
7799
7394
7002
7767
8543
747
3922
3257
9098
3450
4804
1665
1374
3311
9467
3224
7713
6079
180
5275
4433
172
3344
8441
5182
3984
4503
5341
6948
2141
8523
1594
4498
5746
3643
975
4126
8815
8511
7077
5034
6712
4437
9722
7268
3341
8445
452
5043
6934
5078
695
9271
5929
7043
3542
2572
6194
2866
4390
8700
4056
8630
1336
8197
9315
6164
9808
2146
4070
6805
1717
8009
3802
5408
9401
5440
1828
1450
2253
3393
5184
9601
3433
1850
9037
7325
250
1027
3659
8362
160
934
8250
2289
7052
6875
3155
555
467
9872
2282
8758
325
801
5719
2240
3449
553
5262
5966
1356
5907
8284
5885
7988
2362
6989
7828
2851
9008
4318
550
1297
6448
2008
8010
737
6725
4097
4579
5371
4910
2032
9706
2817
9852
2999
9514
4740
9556
6947
8747
711
4993
1618
1646
689
3460
1442
5782
5239
1324
5767
6500
543
1209
5413
2075
855
3696
735
3526
3866
7307
4724
1891
682
2993
2077
3109
60
7576
1035
9486
3083
7334
8321
7186
7543
1649
707
5700
7071
3718
5578
7957
3013
6733
3369
4622
3564
2579
5036
6920
5461
2376
924
2409
1973
761
1099
5360
5686
2368
3534
5007
1523
8579
7545
8957
4361
1837
8919
8610
2169
2622
1424
7425
1842
1526
9387
8846
5677
6660
8283
1168
6573
9025
8967
9031
7273
5315
572
8024
1468
8729
8517
1117
1685
3935
5150
9599
5099
97
8972
8577
2323
115
8735
8891
6043
9479
7796
6451
2051
9493
9938
7257
6614
6969
6012
6417
4609
6028
3050
9473
3640
2252
8155
8291
1362
3612
7754
8676
557
5438
3983
5300
8714
1489
811
6850
7261
7078
1130
886
7797
5615
9891
8014
7992
2057
8137
464
2984
1922
8556
2048
8317
7518
7551
1101
622
4987
398
1482
6957
4570
2906
1977
4121
8562
3085
2476
7252
2577
655
8153
7101
6414
7527
9721
8361
2592
7029
1963
5087
9704
5935
3081
9246
4169
267
1707
7146
4862
1580
5666
1465
6136
3970
2203
8816
7396
9913
4708
894
1743
5378
6821
6046
4613
1029
5877
7663
9067
7350
5316
2295
4411
2745
2842
825
8121
7143
2670
5889
7046
5022
1252
6882
856
1876
1306
4953
1022
6735
4726
6472
8978
7968
5742
2172
9538
1193
6671
6535
812
2564
5606
4713
556
2264
358
3755
8806
4573
9364
2558
9181
2063
9436
2529
2933
9134
8876
7003
2635
2760
283
9735
7169
2153
9755
8918
1577
2355
2495
83
6064
4564
7040
5235
1179
1860
9178
3238
1254
5557
349
3121
508
6375
9121
6968
6369
24
8907
6274
3292
9816
4801
7965
739
5772
7230
7194
4898
1357
4265
3086
7707
8208
3142
7347
4831
2087
6304
1660
1560
4192
7494
3852
390
810
9147
1835
2233
7529
9554
1445
5800
9054
1261
7418
2644
187
1547
3229
9952
5191
6027
4119
6246
772
1322
7278
4868
6518
537
9953
9117
9353
7674
3775
1414
5855
1933
8681
2881
8001
6075
8290
3372
4692
4855
8003
362
6377
2094
993
824
7492
3359
1222
7599
9109
7067
6975
4381
5797
2271
4134
842
2383
1176
5309
406
4280
3651
3519
9547
7512
2373
2681
870
7012
5915
1284
9035
4745
4093
1675
4889
6148
8233
1063
2143
4405
6231
860
1740
169
7525
3398
9331
5835
4781
2414
7471
4662
8744
8772
2872
2768
8966
4715
6103
418
9184
6772
7544
3985
3117
9844
355
983
9302
5459
316
3566
6461
1147
6722
1760
5571
2402
3503
1845
1002
8148
6836
944
4111
1621
9617
5486
8140
6236
6517
7610
9230
6617
3204
4262
139
3590
8039
8625
7619
4911
1047
396
4276
5267
7560
227
5407
8247
5712
3723
2448
7166
1291
8589
9379
1239
4549
9006
7440
4640
84
4079
5946
5764
4038
2873
8539
3679
478
9284
1971
6354
2864
2713
2905
4857
4306
1499
4144
1229
9403
133
3368
8216
5409
6673
3968
513
2691
698
7825
636
6782
9236
4242
8716
6273
409
3216
8303
9192
1910
7240
5913
9907
3841
9420
9516
6124
3270
9208
4034
7971
3402
5396
751
6464
955
9466
576
6634
7588
6140
288
3959
3799
5509
4417
4763
7653
5059
1787
7037
6193
213
8970
9459
4574
2467
8263
8911
7705
6964
868
7893
7994
5530
6019
7245
6942
2311
1415
6655
1893
6134
6906
4832
9254
808
9193
1588
2740
1419
918
9990
9278
2814
9418
7195
2352
1238
979
3678
9589
8236
3057
6926
9220
8298
2548
2784
2661
1749
338
3713
3254
5395
4538
5781
1256
8422
2367
9488
5883
2244
2270
498
2649
8453
4106
7760
5698
9335
775
7581
2895
7869
1744
8412
2105
7093
2341
8536
4453
3104
5166
6222
4160
2567
6443
7220
4229
9888
3891
4501
9693
5042
3621
1194
6940
9367
4284
1335
4222
5872
6272
9804
270
6523
197
8273
3996
8257
9405
9680
1370
3737
4010
1469
3328
7690
136
2973
6740
1998
2015
3899
9632
6065
6982
7523
3501
3623
3952
9041
3278
3931
530
1422
3387
5823
3885
8699
9160
3118
1926
6866
9016
4036
7689
712
9570
488
1112
216
7032
9934
6743
4601
8258
1691
3616
9229
8287
9458
5229
728
9660
419
6384
840
3798
2787
723
5521
5502
2363
6225
2385
2880
6584
3438
8133
7269
3490
612
9638
3552
7463
5585
1721
4881
1636
854
4211
3260
6997
7400
7300
1311
2989
3277
1809
2901
8575
3061
6143
1051
9138
1403
3399
5625
1741
2140
4659
6004
8645
7755
4392
5490
7733
2479
6248
2425
4558
7746
6479
8192
2656
1199
5064
381
4212
3830
4325
174
8696
6524
9156
7068
4865
9375
3609
871
6404
7572
6745
7034
5037
7734
5268
7118
3470
3297
8567
6262
1810
4557
6080
8349
9052
8765
2705
3188
7452
5738
6121
8930
4492
3471
2826
7591
2515
9744
7866
8596
8356
3239
5775
881
3818
692
9226
8177
8704
8994
6432
7341
7816
3249
6360
7088
1487
3874
3046
3933
1987
8573
8479
458
6529
3163
2828
3805
8670
329
7115
7769
4859
9137
7224
2299
7407
7573
460
5592
3999
5325
3253
6904
1827
5950
112
4680
6137
670
8264
5637
5085
4441
1155
7921
1028
5842
6403
5344
2068
7625
4080
4210
5969
7398
9171
9094
4337
2682
4332
7142
3385
3715
4646
9040
5732
1738
2749
5792
1369
9935
9114
5428
847
977
4568
4711
3951
8925
4135
3762
4955
8504
4162
1100
1865
3092
5926
4204
3530
2375
7190
4525
930
4260
3136
9073
1317
5336
1052
2043
129
3725
8769
3947
4886
701
7932
6087
7630
2722
3680
517
5856
3293
2575
6537
625
9761
2064
7356
6852
7495
5565
1350
7435
786
936
9374
9762
2492
6149
3161
9577
1578
6370
6905
4926
6455
5081
1718
1737
243
9583
1816
1723
4072
3403
6683
8799
1462
5840
796
907
5219
5209
8637
244
5537
9100
2116
9560
8649
4942
69
1864
2781
3938
7780
3290
9249
6553
5589
9248
4383
5247
76
1885
44
7179
7051
1361
1257
9965
2293
1245
8440
2237
7863
1519
7285
1183
3794
393
9439
9183
7267
2696
2151
3338
6641
8242
2533
4753
8813
8195
4697
6615
3301
1319
5051
3303
9578
3835
4098
4075
8365
9634
4086
4298
1114
2672
4576
6663
7271
8128
4985
1364
3872
164
2422
3267
7804
8034
9264
4897
5014
1600
1890
5151
5255
9550
2014
5466
4822
207
5958
294
7414
4344
9445
7575
9158
1597
1666
5945
651
7920
1516
6241
3761
7555
285
7286
2994
1483
9978
6118
7563
6191
822
474
2850
1550
9736
49
7085
4205
9956
9921
262
3020
6777
597
2360
1790
7227
495
4263
8051
6216
9924
4876
1517
6035
4342
5983
2889
8554
7096
5806
5035
9055
5039
1373
925
3494
548
4289
4414
873
8842
6481
5780
7193
5944
80
579
9818
4791
8205
7162
5778
3533
9116
5631
7391
9370
8602
2147
9909
8886
8274
7841
9764
9801
8921
6319
2082
4709
4947
4395
3547
7501
5026
4995
8323
345
6884
6340
3745
3965
8565
3036
5839
9086
20
6776
3790
5103
8638
6071
1135
8604
3810
596
1793
4637
4678
7314
9347
7165
6774
376
6070
2062
3688
1034
5365
9825
9348
7905
4718
7838
3859
3407
8411
2566
9389
8447
5799
4604
1304
6910
7800
3180
5518
7540
1201
5278
8476
9053
6990
8193
6593
2837
7736
4341
8879
2918
1071
4015
1391
7031
5567
3265
8717
6993
760
2961
5513
4059
4043
9662
5227
1145
9861
3513
3992
300
6345
8572
6507
6716
2199
8395
3869
2625
62
4122
4684
8342
3419
166
8825
5574
951
8125
1814
2652
7198
353
1702
7896
2227
7830
4823
616
7692
1820
2200
2378
6987
5707
5271
3743
7488
1751
7895
4445
9323
3658
1612
4581
7216
2408
2074
8322
2454
4783
743
4440
4629
165
8612
154
3776
6690
8672
4190
3990
7465
5350
4217
2667
1146
4147
1975
6714
5474
8666
7600
6730
5657
8054
3072
7388
8210
2532
8821
8906
1532
9616
7714
6171
6613
3176
394
5634
7552
7196
2981
420
5533
7953
1551
8295
7213
5094
7969
1796
487
7250
6544
4026
6988
6566
578
6638
3412
5077
8424
7996
676
6016
4535
3811
5144
5815
6290
1427
7140
877
720
8626
1522
584
3308
1174
2838
3062
5244
4412
6208
9048
6383
6473
7720
9752
4186
1045
9017
9228
38
2957
5484
1561
2335
510
7342
2149
7392
5210
9110
6431
4588
9784
1156
6538
1776
1315
7910
3926
5721
6754
8711
6860
8293
4096
54
994
7500
3596
4067
284
1452
8792
1505
1610
5939
9901
4768
3243
4755
5841
4546
8980
3671
668
7102
6315
2930
6021
6381
8364
8560
6550
3998
5445
3917
8861
9213
1700
3538
4858
1490
4331
5364
303
6967
4878
128
5301
8999
2100
4246
7832
2196
4650
9446
6803
9745
1632
7027
1451
8114
4007
9545
91
8253
968
7264
1039
3373
7374
6918
4986
9991
3877
7633
6611
8492
8314
2135
6390
4183
4022
6482
2751
79
5216
1000
3861
2124
1
7397
574
1498
5342
1746
8071
4721
8723
9465
6610
2617
3766
4313
6889
3765
2262
4522
2721
4642
2737
2877
6789
1242
6702
4814
1182
8333
2551
3458
8950
4914
5015
7469
6459
2419
2468
5951
196
7363
5829
4366
1883
945
9675
5531
3357
4389
3591
3113
4105
2234
8616
3598
7872
4539
541
4932
6742
2098
5052
6950
9377
797
899
7272
8659
6180
222
3561
9039
6687
8945
5397
6060
9205
3636
9600
880
5854
2358
162
3822
6312
7185
3557
1811
7109
5072
3240
4269
6961
2526
5965
4465
7694
6215
8526
7153
2701
4020
2697
110
905
9452
9198
8228
5291
4751
1878
2348
2465
4907
6050
3555
2069
5224
5912
9079
1641
4712
5925
4155
2815
9607
3386
1898
3498
7722
3978
1813
2365
7248
8306
1352
6089
7170
9584
9590
6380
4990
1652
5178
9515
7369
3778
8831
8767
9428
347
3134
3269
8048
5869
5817
5054
1722
8458
3206
4488
6284
208
1018
8319
6078
3323
6038
6601
8312
415
2910
3127
3485
6303
645
2276
2061
2178
4368
3035
7062
3806
9597
8211
4231
116
7883
1880
4350
4358
1077
2949
5572
928
2317
3585
2939
7735
1755
9766
8898
8207
6670
2729
1949
6096
2668
4052
5968
9644
2561
2026
1799
7496
5953
2042
9636
2401
7431
6386
5478
1698
6915
7857
107
6146
7897
2004
1109
9689
8277
570
4511
1619
6158
6567
6818
9727
2142
4586
1492
7583
7256
4917
7293
2977
705
9169
3032
3731
7201
7010
8617
5398
8495
7562
3583
7226
8726
4720
8316
4009
599
8081
8249
2168
4095
6113
3865
3093
5941
6097
4836
2694
5768
2201
6591
1346
8268
2208
2607
9238
2692
8615
604
1624
198
315
1542
3027
4620
350
4704
2892
4830
2176
9058
2812
209
5338
826
2932
7438
4811
2576
147
1080
9024
7504
8200
807
6965
2338
5455
9075
360
3410
9007
2181
4125
3850
125
6797
3014
621
6324
8844
6513
1831
6088
5304
7111
4825
9074
9326
2518
1959
4016
8204
7332
268
2535
8818
5284
5335
5128
1985
1037
1635
5547
7453
9753
9687
4446
2258
7821
4600
326
5273
8743
1478
4181
4895
9726
4416
9099
5471
3694
5104
7933
4845
1832
9262
2748
714
6640
1897
3347
7017
1756
7811
122
8300
3266
3734
5716
5911
4923
5393
2502
2821
3942
4683
9480
7528
3446
1485
6896
9724
8145
6607
8794
4275
1914
6814
2500
5805
1376
3330
9669
5354
3628
5730
3185
8793
4594
4578
7912
6281
9572
5326
2073
318
3927
7577
6494
3196
799
132
9715
8068
1294
7168
4444
3443
6026
5970
9223
947
3103
3823
5660
8104
2893
7665
3753
6623
2456
9456
3930
7304
2164
3166
1584
5654
5769
2122
5366
9296
6092
7995
9275
4735
5997
4303
3572
663
2344
9916
888
6549
7352
3511
9506
9783
598
6105
5963
9430
9815
8682
9386
1197
9591
7311
794
8325
3993
8971
1438
8958
5766
3007
3060
3672
8481
4772
6411
4992
5415
4770
7024
7482
9999
7868
7639
2897
512
8239
2078
2632
1586
806
8423
8873
5895
6083
4349
3288
5582
9700
7565
2556
5314
1248
2218
3428
4245
5673
8383
6104
5442
4271
9298
8446
3563
5972
9359
5779
5140
4324
7847
2256
4656
5143
5384
8520
1701
1757
252
5527
4519
58
9569
7218
4476
2482
6532
2213
6033
6112
9373
7701
9394
7748
7001
2762
8038
5795
5902
9791
9443
6172
4617
1417
6398
8202
986
8558
9301
6098
3461
2374
2427
2608
989
3432
9573
8045
1822
6011
8987
673
2769
3641
5990
2574
483
457
7331
4846
2871
8706
2801
1696
7791
2798
5973
903
9524
1053
4774
8795
8798
2469
4530
683
7642
8392
9835
4431
299
6649
4619
9830
8916
3634
9453
5887
911
2380
5029
8418
5909
9969
6453
33
6132
5201
876
8834
7962
7299
9119
4997
8810
6212
3167
1477
3695
4491
3231
3977
8578
2683
1425
817
5269
5802
4272
967
9718
7934
933
7703
5012
7870
2854
9799
9536
8089
1658
5919
5695
434
5587
1282
8929
4844
5908
1299
8219
1349
9981
7502
5217
9363
7856
1879
5349
2350
2386
7445
1149
3251
7415
6133
4893
2107
5711
6346
257
8130
5066
6022
3447
8800
9786
5821
4719
2055
4743
224
8595
9033
1856
4883
4729
1681
9434
7508
2459
4675
9166
5213
3742
6667
7684
8780
9544
4377
8989
7210
370
9581
2474
4813
5757
2824
214
9594
4213
8434
3116
6738
5798
8621
399
7763
6901
1719
9442
6878
9093
540
4273
9959
7615
6250
138
8109
8032
5003
8078
1006
2764
8962
506
7323
661
313
4790
286
5819
5274
8639
9512
5223
8519
9800
4922
2738
8288
6391
246
7833
795
3049
5745
8754
455
9474
1801
6902
8829
1085
9107
70
176
9076
3395
1386
3262
9620
5467
1664
3080
3881
6210
2958
9339
5431
2204
2928
4203
5535
5473
1613
8172
9154
103
2333
5727
7685
217
470
8212
4904
1260
9108
1807
9268
6068
6737
3444
6114
5676
1562
8502
1347
515
3642
4207
7437
6471
6054
2599
8739
5629
2862
2016
8812
4340
1385
7056
3669
9395
4808
1303
639
2104
3739
7079
4693
5756
3567
9857
3543
7942
8150
6963
8887
4894
448
1536
4946
3901
1443
7095
8584
1340
1163
6729
765
5774
7810
7823
4051
5233
2911
7448
1895
4456
1732
1945
7214
3392
3808
7664
8941
3752
2349
2305
7829
7147
6003
5729
2615
6271
7366
6555
1841
564
1141
6439
2462
1488
8215
8309
961
1441
6130
5487
7862
7346
5257
4686
6094
3592
804
3361
4253
672
4432
1552
6665
9422
9083
809
9866
7991
2752
8234
3296
3540
2508
7263
4676
2643
6945
8650
5419
8455
6144
1411
7553
5383
4028
6659
3252
3844
5124
2504
1014
4508
8472
3940
4308
7597
5259
7039
9918
6955
4376
9832
2235
3967
9899
6185
6242
8936
3309
1988
5172
1821
6410
114
9071
6929
850
6804
3405
6762
4937
1285
5744
9867
7399
9148
748
3509
5424
9287
7199
9542
1196
265
649
4655
6991
8648
1678
3793
8742
1314
2013
3972
4687
4778
1603
6936
3132
577
7702
5264
4314
7410
5289
8679
8330
3099
1663
4304
4758
8605
7345
2596
7967
199
867
4178
982
7981
7729
6402
8531
8627
6510
6116
5539
9224
7775
7406
8427
2891
5647
7312
2263
5612
334
497
5720
1564
2438
2810
2584
1131
8436
8951
1843
3864
1881
5088
8023
1410
8776
9022
7717
7191
3472
1073
8007
4860
2965
5691
9507
8
8497
2970
3273
1287
3306
2054
4196
5964
3144
2844
6581
3758
5845
8496
7768
7487
6624
6880
3374
2840
314
435
425
8464
9530
2665
2544
2634
9510
6090
9423
1017
5112
5253
9893
8669
7815
9292
7640
1456
3040
3937
9792
8908
8437
505
4223
2093
5918
4589
1220
6693
8123
1058
1227
2530
6009
9090
6072
6161
920
9309
7343
6006
9910
700
4374
8063
6646
408
5874
4236
4012
949
9648
4248
4281
3152
2953
792
5704
1219
186
7864
9850
9619
480
9770
1943
6622
9000
1384
5873
9250
7530
8949
6405
1061
6343
71
5441
8103
8587
6689
5123
6923
2060
766
6978
6792
7305
1614
4866
827
6927
1980
8159
2708
2411
5465
1758
9621
11
8206
1409
3012
5832
2848
7083
7381
4159
3
5047
9003
3352
2846
131
1931
552
3353
9111
3199
6285
8580
1919
969
8713
9441
8050
5414
2992
4851
6483
5858
255
4379
1008
1463
5558
3522
7761
5936
7938
5916
7542
6190
624
5321
6126
1108
4999
3065
3883
9695
1404
3439
9384
1288
5991
3611
1572
4749
7945
9013
1556
8425
3716
9983
1184
2221
1330
1872
2904
7875
7236
7173
7009
191
1729
602
3236
4387
2772
2829
5113
5250
1069
1305
5285
5472
7618
9146
9267
454
3943
2646
8049
9259
7865
332
1121
2134
4261
1808
9321
7275
4243
328
7054
7706
8677
9207
4356
9614
7675
4968
153
3174
9286
9908
5893
2586
2157
3884
9810
6694
1644
5243
4201
6358
4478
6163
9772
3259
3914
7421
6175
4682
8687
642
72
6326
6367
9203
501
3153
5444
8146
3091
6806
7537
8888
1066
7390
8544
2040
9354
5762
6034
4884
8430
6571
8380
6031
1966
1087
7620
821
421
9212
2985
6801
4984
9149
4322
8370
7351
9057
3574
7254
9546
5569
5090
4727
2346
2695
3001
9797
6086
42
1661
7854
4370
2029
4849
4551
2209
7712
8408
6761
7197
6764
4241
9579
3632
492
9164
5785
9897
2292
8931
3604
2585
2180
6981
7139
2194
3177
5311
3029
1871
4912
6604
7228
9440
3191
4567
3588
4430
8532
8534
3245
6830
1277
965
4645
2022
2808
2486
8850
6493
1371
1609
1859
2088
6306
7505
4931
7608
3087
4834
4230
7668
6657
6980
3378
3150
8705
1301
6291
2588
3580
7787
4691
5011
4137
9190
2173
9631
1474
491
3002
681
3812
1979
9543
8052
4382
6495
2663
4378
5246
8824
3473
5617
8047
1830
6415
8327
9829
1240
6055
1271
7446
231
7375
1709
6749
6153
7464
3744
832
675
6207
6844
3469
9877
4577
8571
4627
7319
5801
6916
3600
507
8988
1839
1175
7723
4415
8524
8948
2388
4200
4309
4171
2890
9849
6966
6577
753
5604
9763
4896
6871
5009
7349
6726
4005
5436
1506
3946
7753
4945
3079
9361
8768
8100
4228
3537
9492
2583
4037
6822
6710
8503
5129
1538
1160
8513
9417
9803
9
2756
2774
7385
4372
4605
9976
8126
5522
89
4531
8478
4472
6486
3780
9868
2018
233
2547
9782
1316
932
4669
155
2616
2887
3186
2761
6664
5672
2251
5689
8600
6307
7401
3401
6218
2990
3840
237
3141
7219
3110
5131
3657
1961
9683
7578
648
7691
2562
2680
3156
5853
9252
6419
5170
3281
9875
2950
8301
4840
5062
6435
4856
3279
6154
4607
5871
5389
7522
1323
8992
307
8226
8586
8805
9281
3237
617
1447
6491
3711
3135
8977
7126
182
3319
6373
1440
8178
9539
5584
984
7744
8901
7878
2540
1958
8822
4694
3687
8932
4599
3018
7447
1694
1223
7422
5563
2782
6263
5788
2046
2457
7784
8715
5635
3168
7844
2546
45
4766
5906
3234
2131
7276
5346
3896
2369
3120
5813
4618
1296
2570
3476
8570
5748
8098
941
6044
4176
3704
8227
8953
9520
1706
7890
5416
9032
7316
1159
5075
351
5862
7907
2158
3415
223
302
247
2
7704
1511
1558
7972
7159
3749
4421
2081
5879
2614
4816
6266
1984
6938
3094
1158
3005
8969
6264
348
6691
6560
99
7443
8727
2604
9244
8116
618
5369
7532
3414
3200
6311
4156
4274
4354
7134
6682
4677
9871
387
6059
63
919
7867
2514
39
3467
988
2735
9112
403
5847
7137
5400
8238
5343
1192
6082
1535
4991
3349
9811
8731
8942
5999
9812
2318
4802
2279
3397
9732
7538
1334
3714
8002
7539
8358
4258
410
3862
5468
3944
5863
7835
8784
5771
6286
1892
175
2030
2477
5392
1418
8272
3215
8761
8138
974
3451
9429
6057
9234
1767
6951
615
3318
5600
6539
2347
9895
4532
2534
6141
8701
3936
8863
9454
6355
1852
3119
1202
2790
1950
1877
5995
7281
8674
5033
1521
5221
2847
1170
8311
5726
5333
4654
4088
1534
8546
5605
3426
6652
5286
1648
1991
2304
4541
1010
1318
916
8229
7902
2962
9915
6230
3897
958
4141
6684
7038
7636
4839
2922
7697
898
3568
1267
9447
2144
8070
2963
591
9943
4198
2275
522
8443
3235
8783
630
9210
1295
9502
1712
7788
7999
8811
5613
2982
3316
8525
212
411
9179
1237
3069
9451
3028
4474
4502
5652
2287
950
3151
1395
8613
3900
764
9561
2936
5555
2565
7840
8384
8675
7873
4779
5135
1473
7641
7474
6203
8837
7058
5678
8065
1337
5060
7520
4658
9628
414
1763
7858
65
3138
3529
3205
242
4603
7749
264
5
2793
6036
9293
6056
6763
5147
9984
5348
9495
8553
6794
8509
5506
1533
1866
9674
4129
2280
5185
8111
5619
703
8357
4500
2021
6406
1215
3452
4550
3527
2618
2731
6131
4083
4418
8860
830
2954
1634
696
43
9476
6467
5197
7925
3024
7631
1081
2496
6579
2773
290
6922
57
4615
8611
724
8899
4765
771
429
7727
6138
5627
2483
8477
7635
6365
2853
9478
4707
1325
5975
2162
1956
1458
8062
195
9645
869
3105
241
1302
2630
50
8601
5849
2983
8031
9400
9297
9741
2935
4333
8231
6760
5280
1214
1935
1331
1439
640
4562
8985
5189
9404
4943
7666
5559
2133
3666
5804
3043
5988
5080
5595
1344
1968
866
1676
9064
6152
726
2702
9528
6499
5421
8442
386
9398
4544
9615
8549
2628
1964
5044
897
4598
4315
7817
8708
2315
3701
736
2257
9679
8655
609
4592
9411
610
5448
6928
2647
6438
5636
8101
3366
5294
8759
9415
5808
5158
725
6115
6603
9878
6189
7409
356
5954
2052
7647
4757
8282
22
6583
9382
4118
2417
1695
818
2412
8998
2744
427
2112
2699
3875
7359
5293
4168
6362
2521
4641
5810
4977
2361
5674
9754
5200
66
2284
9215
6783
2884
2163
2831
1405
3358
4850
6166
1759
3873
2152
1293
4725
3420
7468
519
6939
4664
7393
2610
2587
6943
3796
7795
8591
4690
4717
6240
8336
3779
2952
94
1127
7611
7940
1711
9266
1929
8540
6187
4283
4442
2688
5942
5230
3178
1713
693
5534
6477
8097
2433
8590
292
482
2345
1515
4191
236
3333
9912
3772
158
7386
8482
1225
8733
7242
6812
5599
909
77
9034
2265
3496
1923
9209
3578
5876
1188
997
3747
8796
459
3076
9092
6371
8721
1169
6903
5469
2281
6508
7710
8959
5694
4608
8866
4905
4786
5426
8757
1951
6820
9118
3448
6445
5164
9635
8414
3814
6675
9036
9115
422
7070
8585
511
3971
8292
6385
2557
473
731
5548
6819
4369
9322
538
9240
5142
3637
8428
3624
605
2036
4189
4164
3096
5870
7160
1734
8882
1604
5610
312
485
7792
1502
1554
6907
6572
3367
1537
7652
6238
534
7861
632
8351
1416
4259
4014
1882
5680
4958
108
1097
5234
2799
554
5546
8213
1375
1503
3573
1626
7850
7262
1716
1927
9261
563
1105
6029
8005
3408
1397
4584
4165
53
1049
3976
1911
3676
7217
6946
895
6746
6521
5130
1568
3063
9686
6265
9186
2215
5621
4127
1725
7416
1246
2519
7322
838
3601
8401
4466
210
4566
757
8662
745
9380
4463
1307
8709
5451
2513
4458
4066
6232
5740
9734
9305
3921
6799
5310
1826
5013
1142
8407
1942
7839
2220
1786
5573
3932
7919
7355
3183
4058
3280
6005
7329
9499
8129
742
7671
5510
5888
382
1195
3364
3576
9856
450
4736
1321
7371
5959
7793
5186
6205
177
4957
2226
3486
2685
4179
9649
565
9004
9460
2353
1848
9194
7846
4108
843
1151
4610
9622
7550
5443
6049
8386
9496
6568
8341
5181
729
3581
787
8299
5642
6470
9332
800
4477
1651
3255
4462
3575
7976
3981
1044
8013
836
7203
6368
9813
6599
6318
8745
9723
7944
7655
7047
973
201
549
7549
8076
798
7072
6213
2038
7756
2536
1365
5728
4899
7289
7719
7695
1930
6870
8566
9232
2827
6353
3586
5597
593
432
3004
151
3764
1682
8895
2726
6678
8158
6540
2371
6650
2623
1429
7621
6695
6251
6628
2664
7772
1993
6933
8695
6873
9729
2191
8256
5008
5504
3699
7395
7011
7601
5860
2343
6937
1794
9283
2732
1938
7014
7309
1590
1688
1084
9974
87
8092
7960
960
2716
7887
8910
9334
7900
7324
2111
4359
940
8248
1125
2804
5662
1204
9806
3504
8376
588
7982
2818
1645
2255
2767
628
3124
8881
2445
2326
4571
3693
502
6344
1565
6091
7155
8528
8345
6930
117
4517
2205
518
1629
7061
4336
7480
7125
561
7472
5749
2741
8779
6361
5687
7321
4013
715
5701
9598
7251
3370
1253
3846
141
269
4700
7383
4116
7626
7215
2475
7157
8832
5055
1625
7966
7290
4875
6048
9049
4270
4145
12
8724
6151
9336
7234
7348
4237
4296
8083
4232
7773
5117
6834
8491
3849
1026
9997
6842
5199
7041
752
9081
5741
3853
444
2723
2719
3994
2830
1476
2314
6843
5633
8801
1116
4595
4516
3437
4534
5550
417
1138
6621
6802
4158
2512
1912
571
2481
8569
7794
4647
9728
8654
6569
282
1031
7609
2171
8541
8313
5069
8196
2390
8381
8533
333
3075
7724
762
8620
520
783
2786
9876
634
4061
8304
3836
3988
9962
6298
767
732
3638
8698
635
2655
8099
6258
8346
2432
5722
3474
8008
3618
2987
2788
5097
123
7648
8751
1389
8689
5211
7370
2130
461
3690
1249
7189
3179
2758
8462
2537
5903
9490
5358
5168
8117
4973
5028
1846
1407
4216
9221
253
2231
3898
2966
9968
7777
2357
902
3554
6338
1677
86
4644
384
3097
6753
4903
3289
9438
3924
4438
4572
4457
835
9087
4739
927
3556
2449
2096
5825
3325
8266
9779
5699
1887
9713
8984
8771
6433
7086
2870
5194
7918
3362
7708
5665
9124
4386
8161
6489
7766
3201
992
1654
254
5628
8285
8107
3989
9527
6845
2718
7084
8142
5319
1928
1815
4634
5361
7743
2689
7237
1735
1861
7434
4199
2714
4575
3268
4285
8943
4741
1358
9982
939
6446
8191
6454
6465
4099
7750
5514
6612
708
7403
2441
5265
8944
2083
1273
6867
7776
8766
4082
7700
7490
1167
8653
2379
946
8905
3712
7914
9896
8986
4696
6109
1754
8786
4657
7167
8738
1788
3652
232
7662
4730
8559
7582
3197
6732
4017
2986
1115
5607
9204
279
2294
3595
3845
6734
6485
6971
9699
500
2998
361
2802
4939
9535
388
7114
9165
9625
1611
2839
2185
3445
7303
4194
7364
4434
3963
3831
2025
3828
1508
5519
4853
1670
6268
7990
8923
8983
4909
2805
5508
1555
3650
357
6706
6119
3146
8082
9975
2509
7898
4837
1332
953
9931
1962
853
2034
846
9733
2470
7176
8853
1994
2243
4800
9255
6220
1683
4794
9737
1798
9595
2677
9320
2232
2867
8017
699
6546
4788
2785
1967
942
1518
266
1218
5622
531
9862
4218
6707
205
4410
7045
9694
4780
1792
3549
6037
5380
9484
2019
4031
1724
5593
6424
3173
18
4214
6736
9796
342
4288
3074
1936
5406
6457
6102
6076
7124
1286
3427
9655
8090
466
2676
7057
9608
3009
2466
9477
5974
6984
4672
2605
6020
8547
3284
5816
9279
2070
6122
9356
8542
9462
4329
9330
931
5427
4809
3787
5002
6159
4039
6496
8633
2913
3304
1348
5370
41
4436
9047
3867
9350
2453
7682
2001
9521
7894
7535
113
5024
6587
8416
8393
6069
4278
5006
9102
763
6656
6042
4665
8840
1459
4979
3482
4287
9587
4373
9001
9988
5655
813
7233
32
4623
9233
1096
7730
8241
5564
2490
9940
4635
8388
5830
3329
9576
1062
2653
1844
5283
9195
295
8764
566
5566
8209
2937
8619
1038
5092
336
6351
4877
2894
8545
6703
9606
5632
521
2800
5327
1467
9385
5751
7623
7559
9397
8781
7681
5025
36
4827
8421
7911
7458
6292
1915
4131
7081
193
9869
6629
6811
6662
3126
6949
9643
3484
5139
9241
9618
2686
2166
613
9318
2636
4888
3423
2673
9666
3158
7531
1320
6721
4215
3217
1946
3825
7616
4994
4852
7843
8473
671
1976
3334
9126
2189
8960
7454
2733
6835
2766
5163
990
6787
1150
5495
4703
5934
7449
8164
2381
226
8535
1221
3208
7693
6960
8394
3740
2303
3962
4552
9711
9104
3424
5434
677
9218
5878
6460
7516
8396
7510
8385
6630
3756
5977
2117
8461
8046
544
9611
9089
4521
7287
1279
8320
5894
2823
2395
3056
1593
7042
1548
858
3698
4805
6302
1870
7765
1210
2442
2290
6342
3909
3706
2440
6840
5765
1338
8632
7786
3882
891
1111
4663
1380
5156
4892
9942
3757
3434
5423
4748
2915
1607
9716
228
2974
4384
4722
3207
6177
5198
3416
1060
7255
8069
3728
339
4961
1507
1904
5089
7637
6886
7718
7871
4460
2797
2012
9906
4091
8614
5920
1420
9206
8830
75
218
6426
6893
6462
7936
7432
7459
4133
643
1818
5734
5095
1906
9396
4334
585
1444
8634
5696
8498
8753
2310
181
6558
2461
8435
7069
2528
1432
9653
1571
4671
6847
674
8174
4754
9391
3579
704
2079
8537
1200
7136
6428
3929
2165
9702
8459
7138
8184
1720
6585
3154
5892
8852
5146
5671
6534
7580
5297
8555
1736
1606
8012
130
135
9393
9802
34
4419
3495
9362
2366
3889
6525
81
9265
6976
9623
5552
1585
322
4302
5225
2640
2291
7634
5866
2097
4328
6030
6590
8890
7060
1766
3015
8488
3209
5948
4185
1631
5245
3721
3838
6563
6824
9376
7479
3082
1137
7207
7721
8252
8741
4343
1309
702
3250
9235
2582
9949
6259
3282
2856
4393
5658
3379
4980
4161
7762
5067
819
2306
3125
7358
323
2917
3307
6851
9167
2283
7367
8823
8703
5850
1908
2058
6008
2002
3667
7680
4921
7028
4094
5118
607
6437
5046
7672
106
2888
6505
3071
8693
623
275
5493
9276
2123
4666
5111
8722
8975
105
3631
1789
7131
4960
9285
363
7964
2595
5093
8954
3202
7284
4543
9257
7654
8222
1916
2712
691
892
272
1327
4371
1134
9463
1228
8651
7483
1579
5176
2770
7232
970
7064
9155
7698
2071
9303
7353
8538
4124
6516
5602
157
5837
2589
9197
8221
6865
438
2260
6796
8456
8278
5207
9677
6129
6233
569
5481
8725
7192
1573
1396
3160
7592
8426
7456
8087
1021
7025
908
9624
859
4085
6616
4705
2418
5886
6313
8240
6619
1731
2359
5483
2511
2979
7683
4301
2259
3684
2510
1402
1203
8096
6372
4982
7008
5697
3736
111
719
9511
1812
8864
7301
9437
1013
9256
1642
5065
4817
680
4255
1300
913
9519
2308
100
845
7148
6173
4606
8550
9316
9450
5568
2210
1777
5412
7757
3218
3954
8122
7650
1657
4962
4435
3038
8507
7141
9933
397
5437
1103
6278
2119
5733
1479
1178
8454
1003
6825
4454
6301
55
2102
697
2010
9927
8201
4249
8734
8576
8429
6620
3824
120
861
2912
7318
8647
5195
4008
1164
3654
8609
6174
1067
1540
3381
4136
6296
5590
7770
1974
6548
4300
8814
5119
5500
9381
7742
4024
9957
5236
3084
1582
9846
5260
8149
1345
124
8246
8180
7451
5682
5435
5045
8373
5031
9652
8225
5786
2875
3750
1924
2023
8084
7328
1001
841
8190
4597
5000
3726
9489
8763
9497
4065
2307
5353
4404
7405
8773
25
8665
5575
1769
837
