984
592
527
846
525
473
549
851
843
615
113
653
383
448
802
64
357
226
461
281
42
889
621
19
295
544
57
847
188
733
570
935
938
769
74
217
117
902
138
36
252
243
197
579
857
858
445
977
793
734
150
250
458
459
625
635
9
378
688
714
659
399
62
920
541
258
397
839
310
763
523
746
450
98
484
227
379
513
59
33
710
685
674
859
651
608
841
240
951
385
989
467
137
133
480
148
75
131
469
441
699
698
891
503
792
634
361
518
238
232
455
339
605
899
165
108
887
850
649
280
906
725
377
157
205
71
207
532
274
511
18
529
804
471
941
386
729
609
329
646
236
460
584
940
915
425
926
874
380
949
809
728
487
673
543
531
589
27
127
880
142
817
573
35
840
73
132
773
21
640
753
575
950
591
528
219
407
718
641
135
911
766
812
253
755
610
811
415
332
308
723
986
896
848
144
107
72
453
554
987
866
526
536
662
31
14
121
867
54
556
446
680
192
230
783
888
968
954
975
656
126
669
499
200
861
582
583
521
87
364
323
52
943
675
709
614
806
515
234
408
512
966
750
540
29
530
233
122
269
700
479
645
581
51
341
810
667
617
191
203
905
343
637
336
716
261
286
598
705
959
88
516
505
283
382
251
794
273
109
749
960
838
704
141
593
1
695
561
724
686
576
172
952
944
381
363
962
988
352
813
184
883
743
176
394
235
566
829
574
85
993
143
642
244
365
163
913
103
1000
422
607
38
870
237
198
214
853
78
101
12
998
762
189
431
590
510
178
223
276
739
209
498
895
807
23
557
299
303
32
632
648
366
538
822
833
118
737
47
40
970
947
433
17
321
442
158
346
509
644
149
620
879
720
524
402
369
784
647
370
169
242
375
506
945
560
231
780
508
683
577
816
946
311
502
340
819
892
937
983
79
91
106
748
180
317
914
20
758
517
428
417
828
514
395
436
546
612
152
799
767
266
877
650
462
400
542
856
855
360
359
597
490
897
568
719
504
8
296
657
215
626
331
199
736
53
493
696
416
432
105
322
849
353
969
927
444
871
842
825
267
900
815
275
730
124
805
782
537
315
155
865
212
134
396
181
519
660
922
347
774
760
452
151
599
211
411
271
606
478
5
666
481
145
687
97
371
393
486
423
470
775
465
298
961
539
701
90
976
691
50
796
414
616
740
571
495
67
790
58
868
971
384
837
798
985
800
836
596
992
262
247
999
367
894
578
292
175
95
732
173
553
995
580
392
496
690
424
965
139
327
786
772
472
282
268
368
426
658
390
727
26
454
654
351
49
681
602
294
876
500
795
633
257
627
932
933
94
96
715
712
482
221
747
208
489
195
443
764
565
304
410
860
638
830
289
328
533
457
672
979
92
16
942
890
562
350
948
909
412
403
652
821
76
48
464
928
162
177
419
671
224
125
882
194
917
595
70
41
147
387
11
881
6
708
872
34
661
845
552
604
297
167
272
630
744
229
15
309
492
372
196
39
485
808
86
190
338
312
220
307
279
451
456
622
726
611
123
337
358
222
82
722
779
550
497
89
967
65
907
248
628
903
956
437
112
613
182
427
348
420
594
678
832
119
785
440
551
520
703
193
741
801
161
354
201
875
264
572
342
629
99
421
254
356
255
374
37
679
689
22
110
631
852
588
293
759
120
166
204
430
25
435
834
245
918
186
955
924
45
939
668
990
603
991
270
768
170
93
697
912
923
973
179
787
316
978
751
600
869
601
548
334
483
771
474
84
129
953
116
555
140
434
278
854
754
111
66
439
324
824
522
277
694
3
738
655
246
260
44
287
803
60
757
884
55
735
919
210
761
964
682
314
225
154
46
826
2
362
404
587
916
413
957
721
345
401
717
958
301
128
692
925
963
376
463
994
168
507
447
349
930
171
429
206
663
623
185
711
265
494
862
24
114
820
665
475
302
706
4
567
777
934
202
559
901
980
863
676
693
388
449
466
320
10
501
742
305
213
823
256
814
335
325
290
893
239
878
355
68
936
405
104
398
558
997
249
156
931
136
288
344
409
827
69
333
330
910
534
797
831
569
146
619
468
731
564
908
765
563
43
677
707
326
844
476
873
160
115
259
30
159
982
241
406
929
643
306
313
130
781
586
164
300
488
535
63
284
77
491
291
438
81
618
770
713
921
7
373
835
187
545
898
585
670
28
996
547
639
778
789
216
864
791
418
818
664
102
624
318
702
183
218
389
228
745
904
174
636
974
285
886
80
263
56
477
319
981
83
684
61
972
756
776
752
788
100
391
13
153
885
