212
208
93
156
54
4
41
121
168
220
21
63
103
61
85
200
169
64
79
1
183
235
162
66
25
179
96
31
150
248
136
118
80
29
70
224
185
129
159
95
56
120
81
221
117
160
51
233
125
133
227
40
98
245
202
138
14
247
9
52
195
229
141
201
154
26
2
144
184
231
105
186
234
197
142
91
111
158
170
217
178
38
27
100
225
148
205
19
126
97
132
139
210
82
18
86
173
88
109
106
161
182
214
157
239
134
92
77
187
250
76
189
10
127
215
213
164
60
219
223
44
135
7
15
99
55
33
43
59
191
72
13
65
87
188
171
177
114
238
12
107
122
236
50
8
140
149
137
155
163
209
249
226
46
180
143
47
16
90
243
193
167
240
131
241
74
32
172
89
71
113
116
203
124
198
207
196
242
17
28
62
237
199
165
115
39
166
112
246
58
35
175
30
222
69
147
6
104
228
42
232
216
181
34
206
218
24
75
3
84
49
68
153
67
174
145
78
83
204
130
48
190
152
123
22
53
37
36
45
151
23
211
230
102
5
108
192
244
101
194
11
176
73
57
128
146
110
94
20
119
