119
382
282
256
145
66
481
442
209
202
153
470
370
163
55
268
283
156
306
188
254
215
110
233
375
294
266
192
30
493
252
307
415
404
273
182
135
326
334
308
272
102
348
381
259
42
458
391
230
344
262
242
299
350
183
28
454
387
277
29
361
314
103
351
315
220
16
473
146
159
171
441
379
389
300
380
312
201
249
390
104
40
392
184
161
109
52
342
466
421
94
423
485
461
409
185
88
393
412
460
236
216
199
231
479
246
402
363
162
107
39
158
394
258
70
95
160
336
180
333
176
237
150
403
457
250
80
397
27
126
492
339
322
346
449
253
57
133
398
480
9
490
413
54
14
364
69
175
369
165
225
290
443
353
280
345
428
205
265
267
433
248
204
260
408
376
396
395
444
15
100
475
83
317
218
67
264
206
432
235
296
279
51
213
4
426
60
436
232
155
33
327
332
328
79
422
337
499
74
47
62
368
293
76
414
200
477
419
417
31
349
96
226
478
6
179
498
435
383
68
439
440
372
72
356
359
85
489
255
65
58
170
214
32
373
434
261
448
1
456
227
207
240
19
124
148
341
46
302
366
157
172
108
106
127
168
269
198
91
464
50
234
25
474
43
286
123
44
429
347
386
276
101
169
166
222
12
468
23
21
476
301
338
151
401
292
407
437
211
112
245
177
187
129
488
144
142
11
115
320
132
53
93
247
431
330
285
354
297
374
121
10
154
420
186
410
136
35
152
271
388
164
20
178
316
340
497
18
22
208
445
483
318
360
384
137
2
5
217
462
134
284
495
84
48
371
239
105
469
455
63
311
416
329
427
59
291
357
167
41
378
114
465
400
64
406
223
288
496
24
313
385
190
287
138
305
323
244
61
191
131
321
452
298
49
438
453
243
281
472
97
319
491
56
78
358
424
451
270
34
450
228
494
87
367
141
75
3
335
36
377
274
295
289
343
352
197
331
99
81
487
365
309
304
125
77
471
116
500
229
71
459
98
278
430
8
86
7
210
149
130
111
173
212
196
193
45
89
147
120
325
13
425
174
117
92
73
303
139
399
463
251
257
219
128
275
238
241
405
486
482
143
113
189
484
37
362
194
447
203
17
310
181
82
467
446
355
324
38
140
418
195
411
221
118
90
122
26
263
224
